Rk,G,Date,,Opp,W/L,Tm,Opp,FG,FGA,FG%,3P,3PA,3P%,FT,FTA,FT%,ORB,TRB,AST,STL,BLK,TOV,PF
1,1,2016-10-26,,BRK,W,122,117,48,89,.539,11,32,.344,15,18,.833,12,47,36,13,9,19,20
2,2,2016-10-27,@,CHI,L,99,105,38,76,.500,8,23,.348,15,24,.625,3,36,22,6,6,11,25
3,3,2016-10-29,@,CHO,W,104,98,39,81,.481,15,31,.484,11,17,.647,4,42,25,4,6,13,26
4,4,2016-11-02,,CHI,W,107,100,41,87,.471,14,32,.438,11,17,.647,10,39,28,10,4,12,24
5,5,2016-11-03,@,CLE,L,122,128,46,96,.479,11,32,.344,19,22,.864,10,39,25,4,6,8,28
6,6,2016-11-06,,DEN,L,107,123,41,90,.456,8,25,.320,17,21,.810,11,39,31,3,4,11,24
7,7,2016-11-09,@,WAS,L,93,118,35,81,.432,10,31,.323,13,22,.591,7,31,21,5,4,11,19
8,8,2016-11-11,,NYK,W,115,87,35,90,.389,11,27,.407,34,43,.791,19,53,23,16,3,15,18
9,9,2016-11-12,@,IND,W,105,99,35,80,.438,8,25,.320,27,33,.818,15,47,22,7,7,13,21
10,10,2016-11-14,@,NOP,L,105,106,38,95,.400,12,41,.293,17,20,.850,11,44,19,9,0,10,27
11,11,2016-11-16,,DAL,W,90,83,33,76,.434,7,21,.333,17,23,.739,13,53,18,6,3,19,17
12,12,2016-11-18,,GSW,L,88,104,31,83,.373,11,32,.344,15,19,.789,7,43,19,6,3,13,12
13,13,2016-11-19,@,DET,W,94,92,33,82,.402,12,31,.387,16,17,.941,9,46,22,3,7,8,13
14,14,2016-11-21,@,MIN,W,99,93,38,84,.452,12,38,.316,11,14,.786,6,39,20,5,4,11,21
15,15,2016-11-23,@,BRK,W,111,92,45,98,.459,15,38,.395,6,8,.750,12,51,26,13,6,13,22
16,16,2016-11-25,,SAS,L,103,109,42,91,.462,12,34,.353,7,9,.778,8,36,32,8,4,10,21
17,17,2016-11-28,@,MIA,W,112,104,40,83,.482,11,27,.407,21,26,.808,6,40,26,4,3,9,27
18,18,2016-11-30,,DET,L,114,121,40,91,.440,15,42,.357,19,20,.950,9,33,26,6,3,5,17
19,19,2016-12-02,,SAC,W,97,92,36,88,.409,11,28,.393,14,15,.933,11,45,25,10,9,13,22
20,20,2016-12-03,@,PHI,W,107,106,38,76,.500,8,26,.308,23,29,.793,6,37,22,5,3,10,21
21,21,2016-12-05,@,HOU,L,106,107,42,99,.424,11,32,.344,11,12,.917,10,42,27,7,4,11,20
22,22,2016-12-07,@,ORL,W,117,87,43,84,.512,7,26,.269,24,29,.828,11,49,29,7,4,10,19
23,23,2016-12-09,,TOR,L,94,101,31,83,.373,17,42,.405,15,22,.682,8,46,24,5,4,13,18
24,24,2016-12-11,@,OKC,L,96,99,40,90,.444,11,32,.344,5,8,.625,12,40,28,9,4,13,22
25,25,2016-12-14,@,SAS,L,101,108,37,84,.440,10,31,.323,17,20,.850,8,35,25,12,3,12,13
26,26,2016-12-16,,CHO,W,96,88,34,78,.436,9,28,.321,19,26,.731,5,46,26,7,8,13,15
27,27,2016-12-18,@,MIA,W,105,95,41,90,.456,9,28,.321,14,19,.737,11,37,21,13,2,11,16
28,28,2016-12-20,@,MEM,W,112,109,33,81,.407,12,37,.324,34,38,.895,8,41,22,7,5,11,22
29,29,2016-12-22,@,IND,W,109,102,38,92,.413,10,39,.256,23,27,.852,9,44,19,10,2,10,27
30,30,2016-12-23,,OKC,L,112,117,41,93,.441,9,28,.321,21,26,.808,10,39,29,8,2,12,29
31,31,2016-12-25,@,NYK,W,119,114,45,93,.484,14,36,.389,15,20,.750,12,39,25,10,2,5,20
32,32,2016-12-27,,MEM,W,113,103,41,85,.482,12,31,.387,19,21,.905,14,47,30,6,7,17,24
33,33,2016-12-29,@,CLE,L,118,124,43,85,.506,12,37,.324,20,21,.952,6,29,26,15,4,11,23
34,34,2016-12-30,,MIA,W,117,114,38,74,.514,17,32,.531,24,29,.828,5,30,28,6,2,13,11
35,35,2017-01-03,,UTA,W,115,104,41,74,.554,17,31,.548,16,17,.941,4,32,31,5,6,13,22
36,36,2017-01-06,,PHI,W,110,106,35,87,.402,19,40,.475,21,25,.840,12,42,28,6,11,17,22
37,37,2017-01-07,,NOP,W,117,108,40,93,.430,18,36,.500,19,21,.905,15,47,26,6,5,10,22
38,38,2017-01-10,@,TOR,L,106,114,40,85,.471,9,27,.333,17,20,.850,6,33,21,7,3,14,20
39,39,2017-01-11,,WAS,W,117,108,43,85,.506,17,41,.415,14,18,.778,10,45,20,5,7,14,10
40,40,2017-01-13,@,ATL,W,103,101,36,83,.434,17,44,.386,14,19,.737,9,43,22,7,3,12,16
41,41,2017-01-16,,CHO,W,108,98,42,84,.500,15,39,.385,9,10,.900,8,44,29,6,3,12,11
42,42,2017-01-18,,NYK,L,106,117,35,91,.385,9,33,.273,27,29,.931,9,33,25,8,8,3,15
43,43,2017-01-21,,POR,L,123,127,42,92,.457,13,35,.371,26,31,.839,14,47,26,6,2,21,29
44,44,2017-01-24,@,WAS,L,108,123,38,84,.452,10,33,.303,22,24,.917,8,32,24,10,3,13,20
45,45,2017-01-25,,HOU,W,120,109,47,91,.516,11,32,.344,15,16,.938,12,48,33,10,3,18,27
46,46,2017-01-27,,ORL,W,128,98,50,89,.562,16,34,.471,12,15,.800,7,47,39,8,5,10,17
47,47,2017-01-28,@,MIL,W,112,108,37,89,.416,14,41,.341,24,30,.800,9,44,26,6,7,13,23
48,48,2017-01-30,,DET,W,113,109,36,82,.439,13,32,.406,28,33,.848,6,44,23,6,5,9,18
49,49,2017-02-01,,TOR,W,109,104,36,87,.414,12,36,.333,25,30,.833,12,39,24,6,2,9,21
50,50,2017-02-03,,LAL,W,113,107,39,82,.476,13,35,.371,22,28,.786,7,47,28,8,1,16,19
51,51,2017-02-05,,LAC,W,107,102,37,88,.420,16,52,.308,17,20,.850,9,45,24,9,3,11,21
52,52,2017-02-08,@,SAC,L,92,108,29,73,.397,10,32,.313,24,27,.889,7,39,18,8,2,17,19
53,53,2017-02-09,@,POR,W,120,111,44,91,.484,10,30,.333,22,27,.815,14,43,23,8,1,8,21
54,54,2017-02-11,@,UTA,W,112,104,42,71,.592,13,30,.433,15,23,.652,3,37,20,6,4,16,24
55,55,2017-02-13,@,DAL,W,111,98,40,81,.494,16,34,.471,15,18,.833,7,41,28,5,3,12,25
56,56,2017-02-15,,PHI,W,116,108,38,80,.475,13,28,.464,27,36,.750,6,39,21,13,4,22,18
57,57,2017-02-16,@,CHI,L,103,104,36,77,.468,14,37,.378,17,20,.850,4,31,24,2,4,7,18
58,58,2017-02-24,@,TOR,L,97,107,33,78,.423,12,38,.316,19,22,.864,7,36,19,4,3,11,21
59,59,2017-02-26,@,DET,W,104,98,34,85,.400,12,35,.343,24,30,.800,9,52,22,9,1,14,26
60,60,2017-02-27,,ATL,L,98,114,34,87,.391,10,34,.294,20,25,.800,9,40,21,9,7,18,20
61,61,2017-03-01,,CLE,W,103,99,36,78,.462,13,31,.419,18,23,.783,8,47,28,4,6,12,21
62,62,2017-03-03,@,LAL,W,115,95,43,84,.512,10,33,.303,19,25,.760,6,46,30,7,2,18,17
63,63,2017-03-05,@,PHO,L,106,109,32,85,.376,13,37,.351,29,40,.725,14,54,19,6,6,12,28
64,64,2017-03-06,@,LAC,L,102,116,34,83,.410,10,35,.286,24,29,.828,7,37,22,9,2,11,31
65,65,2017-03-08,@,GSW,W,99,86,37,84,.440,10,29,.345,15,19,.789,9,45,28,12,1,12,10
66,66,2017-03-10,@,DEN,L,99,119,34,81,.420,12,33,.364,19,23,.826,9,34,19,11,2,18,23
67,67,2017-03-12,,CHI,W,100,80,40,86,.465,16,37,.432,4,4,1.000,12,51,22,14,5,21,14
68,68,2017-03-15,,MIN,W,117,104,43,79,.544,13,33,.394,18,21,.857,5,37,34,2,5,10,16
69,69,2017-03-17,@,BRK,W,98,95,34,85,.400,7,29,.241,23,29,.793,8,51,20,7,6,12,23
70,70,2017-03-19,@,PHI,L,99,105,34,84,.405,6,29,.207,25,29,.862,8,41,27,8,5,17,15
71,71,2017-03-20,,WAS,W,110,102,40,93,.430,10,33,.303,20,28,.714,19,53,19,10,6,13,24
72,72,2017-03-22,,IND,W,109,100,43,84,.512,11,27,.407,12,14,.857,10,43,27,5,2,16,17
73,73,2017-03-24,,PHO,W,130,120,44,94,.468,14,41,.341,28,35,.800,12,50,31,8,5,15,32
74,74,2017-03-26,,MIA,W,112,108,41,77,.532,8,24,.333,22,25,.880,8,35,32,8,3,16,19
75,75,2017-03-29,,MIL,L,100,103,35,88,.398,12,37,.324,18,23,.783,15,42,24,8,3,16,18
76,76,2017-03-31,,ORL,W,117,116,38,84,.452,12,33,.364,29,34,.853,5,45,27,6,5,11,18
77,77,2017-04-02,@,NYK,W,110,94,40,72,.556,12,37,.324,18,26,.692,5,41,22,8,3,17,25
78,78,2017-04-05,,CLE,L,91,114,33,81,.407,7,33,.212,18,29,.621,8,38,21,6,4,12,18
79,79,2017-04-06,@,ATL,L,116,123,37,90,.411,15,43,.349,27,34,.794,10,38,28,9,4,12,29
80,80,2017-04-08,@,CHO,W,121,114,45,87,.517,17,39,.436,14,17,.824,5,43,35,2,5,9,19
81,81,2017-04-10,,BRK,W,114,105,41,91,.451,14,38,.368,18,21,.857,9,51,31,7,4,13,23
82,82,2017-04-12,,MIL,W,112,94,41,91,.451,12,37,.324,18,26,.692,11,46,31,12,3,8,17