Rk,G,Date,,Opp,W/L,Tm,Opp,FG,FGA,FG%,3P,3PA,3P%,FT,FTA,FT%,ORB,TRB,AST,STL,BLK,TOV,PF
1,1,2016-10-26,,DAL,W,130,121,47,93,.505,10,19,.526,26,34,.765,8,52,30,11,6,16,23
2,2,2016-10-28,@,BRK,L,94,103,37,98,.378,7,24,.292,13,20,.650,14,49,22,7,6,13,22
3,3,2016-10-29,@,CHI,L,101,118,43,88,.489,7,18,.389,8,9,.889,8,33,34,8,7,13,16
4,4,2016-11-01,,LAL,W,115,108,41,87,.471,10,28,.357,23,29,.793,11,43,19,10,8,15,20
5,5,2016-11-03,@,MIL,L,107,125,38,81,.469,10,23,.435,21,27,.778,10,32,29,14,4,21,23
6,6,2016-11-05,,CHI,W,111,94,46,86,.535,12,26,.462,7,12,.583,8,36,27,8,9,11,20
7,7,2016-11-07,@,CHO,L,100,122,40,94,.426,9,33,.273,11,15,.733,12,52,23,8,4,18,25
8,8,2016-11-09,,PHI,W,122,115,49,90,.544,9,19,.474,15,20,.750,7,43,25,9,6,16,17
9,9,2016-11-11,@,PHI,L,105,109,39,88,.443,5,19,.263,22,23,.957,4,40,23,14,3,13,28
10,10,2016-11-12,,BOS,L,99,105,36,86,.419,6,27,.222,21,28,.750,11,40,17,9,9,13,22
11,11,2016-11-14,,ORL,W,88,69,35,90,.389,8,25,.320,10,10,1.000,7,49,22,9,9,9,14
12,12,2016-11-16,,CLE,W,103,93,43,86,.500,10,28,.357,7,11,.636,5,40,22,8,12,10,16
13,13,2016-11-18,,PHO,L,96,116,36,76,.474,1,7,.143,23,29,.793,10,35,18,5,8,18,19
14,14,2016-11-20,@,OKC,W,115,111,40,89,.449,11,22,.500,24,31,.774,15,51,23,13,2,22,20
15,15,2016-11-21,,GSW,L,83,120,33,103,.320,6,23,.261,11,12,.917,15,49,13,5,4,11,23
16,16,2016-11-23,,ATL,L,85,96,34,84,.405,7,27,.259,10,14,.714,7,37,16,15,5,18,20
17,17,2016-11-25,,BRK,W,118,97,48,87,.552,11,26,.423,11,16,.688,9,47,25,11,5,14,19
18,18,2016-11-27,,LAC,W,91,70,40,92,.435,5,19,.263,6,7,.857,13,52,26,8,4,13,21
19,19,2016-11-30,@,POR,L,109,131,36,72,.500,6,14,.429,31,35,.886,4,32,19,3,4,15,14
20,20,2016-12-04,@,LAC,W,111,102,39,79,.494,5,14,.357,28,35,.800,5,36,21,9,2,9,24
21,21,2016-12-05,@,GSW,L,106,142,35,85,.412,3,15,.200,33,35,.943,9,40,20,10,5,14,21
22,22,2016-12-07,@,PHO,W,109,94,35,78,.449,7,23,.304,32,41,.780,12,49,16,11,3,18,16
23,23,2016-12-09,@,DAL,L,103,111,32,69,.464,14,25,.560,25,26,.962,4,38,21,5,4,13,18
24,24,2016-12-10,,POR,W,118,111,40,83,.482,15,29,.517,23,28,.821,10,39,24,11,9,13,13
25,25,2016-12-12,,CHO,W,110,94,43,88,.489,17,36,.472,7,10,.700,5,42,24,4,11,11,21
26,26,2016-12-14,@,MIA,L,89,95,33,89,.371,9,27,.333,14,17,.824,6,38,14,8,5,8,21
27,27,2016-12-15,@,NOP,L,95,102,36,87,.414,3,21,.143,20,24,.833,7,46,23,6,4,12,21
28,28,2016-12-17,@,DET,W,105,90,40,83,.482,6,19,.316,19,25,.760,9,51,20,6,3,9,16
29,29,2016-12-19,,WAS,W,107,105,41,87,.471,7,21,.333,18,21,.857,9,41,18,6,5,15,20
30,30,2016-12-20,@,NYK,L,111,118,39,91,.429,6,23,.261,27,33,.818,11,44,22,10,5,9,14
31,31,2016-12-22,,BOS,L,102,109,35,82,.427,7,23,.304,25,29,.862,8,50,20,5,3,19,21
32,32,2016-12-26,@,CHI,L,85,90,34,81,.420,9,25,.360,8,10,.800,9,40,26,5,5,16,21
33,33,2016-12-28,@,WAS,L,105,111,35,79,.443,11,28,.393,24,29,.828,5,34,24,10,4,13,29
34,34,2016-12-30,,CHI,W,111,101,39,81,.481,7,19,.368,26,30,.867,8,42,26,7,6,11,22
35,35,2017-01-01,,ORL,W,117,104,43,86,.500,9,22,.409,22,24,.917,8,46,28,5,5,11,16
36,36,2017-01-03,@,DET,W,121,116,43,74,.581,9,16,.563,26,30,.867,6,34,26,7,7,11,8
37,37,2017-01-05,,BRK,W,121,109,48,93,.516,10,22,.455,15,19,.789,7,44,23,7,9,6,12
38,38,2017-01-07,,NYK,W,123,109,43,86,.500,11,24,.458,26,28,.929,12,53,25,11,0,19,23
39,39,2017-01-12,@,DEN,L,112,140,44,94,.468,12,29,.414,12,13,.923,12,34,26,9,4,16,15
40,40,2017-01-16,,NOP,W,98,95,41,81,.506,5,19,.263,11,16,.688,5,45,26,11,6,16,18
41,41,2017-01-18,@,SAC,W,106,100,39,75,.520,7,21,.333,21,25,.840,8,32,22,11,3,14,21
42,42,2017-01-20,@,LAL,L,95,108,34,80,.425,9,23,.391,18,25,.720,8,37,24,17,6,20,12
43,43,2017-01-21,@,UTA,L,100,109,39,77,.506,10,20,.500,12,17,.706,4,36,17,10,3,16,23
44,44,2017-01-23,,NYK,L,103,109,38,86,.442,7,26,.269,20,25,.800,7,37,18,7,4,11,20
45,45,2017-01-26,@,MIN,W,109,103,42,81,.519,10,18,.556,15,17,.882,6,44,21,7,4,18,22
46,46,2017-01-27,,SAC,W,115,111,38,78,.487,10,28,.357,29,33,.879,7,29,19,14,4,10,24
47,47,2017-01-29,,HOU,W,120,101,47,87,.540,5,21,.238,21,26,.808,7,42,28,9,7,10,21
48,48,2017-02-01,@,ORL,W,98,88,33,69,.478,9,20,.450,23,26,.885,5,38,25,5,1,17,23
49,49,2017-02-03,@,BRK,W,106,97,37,86,.430,8,20,.400,24,31,.774,12,49,20,11,10,14,19
50,50,2017-02-04,,DET,W,105,84,44,91,.484,7,24,.292,10,15,.667,7,41,22,11,4,6,17
51,51,2017-02-06,,OKC,W,93,90,33,87,.379,8,26,.308,19,29,.655,13,37,19,7,10,10,17
52,52,2017-02-08,,CLE,L,117,132,41,82,.500,13,25,.520,22,26,.846,7,38,24,7,2,12,18
53,53,2017-02-10,@,WAS,L,107,112,45,92,.489,4,21,.190,13,15,.867,10,42,29,3,5,11,22
54,54,2017-02-11,,MIL,L,100,116,35,73,.479,10,22,.455,20,24,.833,8,36,19,2,6,14,25
55,55,2017-02-13,,SAS,L,106,110,38,78,.487,9,20,.450,21,30,.700,6,37,21,8,3,11,23
56,56,2017-02-15,@,CLE,L,104,113,40,86,.465,12,24,.500,12,14,.857,13,43,30,2,1,11,17
57,57,2017-02-16,,WAS,L,98,111,40,80,.500,4,18,.222,14,18,.778,5,35,21,7,1,11,12
58,58,2017-02-24,,MEM,W,102,92,40,78,.513,11,26,.423,11,11,1.000,8,50,23,8,7,16,19
59,59,2017-02-25,@,MIA,L,95,113,34,85,.400,4,12,.333,23,26,.885,13,43,21,8,4,15,24
60,60,2017-02-27,@,HOU,W,117,108,41,91,.451,13,30,.433,22,25,.880,13,55,29,7,5,15,26
61,61,2017-03-01,@,SAS,L,99,100,37,81,.457,7,23,.304,18,25,.720,13,41,22,13,1,17,26
62,62,2017-03-05,@,ATL,W,97,96,35,78,.449,15,33,.455,12,21,.571,9,44,24,6,4,15,22
63,63,2017-03-06,@,CHO,L,88,100,37,81,.457,12,30,.400,2,3,.667,6,41,29,3,5,15,17
64,64,2017-03-08,,DET,W,115,98,44,88,.500,11,23,.478,16,19,.842,9,46,27,3,2,5,18
65,65,2017-03-10,@,MIL,L,85,99,33,75,.440,2,18,.111,17,22,.773,8,36,15,14,3,18,24
66,66,2017-03-12,,MIA,W,102,98,35,82,.427,5,15,.333,27,32,.844,11,46,12,2,4,9,15
67,67,2017-03-14,@,NYK,L,81,87,32,87,.368,8,29,.276,9,15,.600,14,53,16,6,3,16,14
68,68,2017-03-15,,CHO,W,98,77,39,73,.534,12,28,.429,8,9,.889,3,42,26,8,6,14,15
69,69,2017-03-19,@,TOR,L,91,116,33,80,.413,6,23,.261,19,26,.731,9,33,22,7,2,13,23
70,70,2017-03-20,,UTA,W,107,100,38,87,.437,10,20,.500,21,23,.913,10,43,21,9,9,7,19
71,71,2017-03-22,@,BOS,L,100,109,38,87,.437,11,28,.393,13,19,.684,18,45,20,13,6,13,19
72,72,2017-03-24,,DEN,L,117,125,48,95,.505,13,24,.542,8,11,.727,11,39,19,9,8,12,29
73,73,2017-03-26,,PHI,W,107,94,38,89,.427,7,17,.412,24,29,.828,12,51,16,9,4,9,13
74,74,2017-03-28,,MIN,L,114,115,40,81,.494,5,18,.278,29,35,.829,11,37,25,8,5,14,22
75,75,2017-03-29,@,MEM,L,97,110,37,85,.435,10,25,.400,13,15,.867,12,43,19,5,7,12,18
76,76,2017-03-31,@,TOR,L,100,111,36,87,.414,11,26,.423,17,21,.810,12,42,19,7,4,13,21
77,77,2017-04-02,@,CLE,L,130,135,48,105,.457,16,41,.390,18,20,.900,12,46,32,6,3,9,24
78,78,2017-04-04,,TOR,W,108,90,39,89,.438,12,25,.480,18,18,1.000,10,43,16,7,4,11,17
79,79,2017-04-06,,MIL,W,104,89,38,80,.475,8,25,.320,20,26,.769,12,44,20,15,3,16,12
80,80,2017-04-08,@,ORL,W,127,112,51,86,.593,11,22,.500,14,19,.737,6,45,35,6,4,15,15
81,81,2017-04-10,@,PHI,W,120,111,49,85,.576,5,16,.313,17,21,.810,14,44,30,9,5,14,23
82,82,2017-04-12,,ATL,W,104,86,39,82,.476,10,24,.417,16,19,.842,8,41,21,5,7,10,14